16_faces_1
20
42 108 26 34 0.99796677 
461 106 24 33 0.99693525 
550 88 22 28 0.9937243 
726 94 22 29 0.9934801 
314 89 22 30 0.99142516 
838 126 22 26 0.9897927 
383 114 21 28 0.9886606 
765 28 17 21 0.9855289 
212 101 19 23 0.97834444 
581 103 18 24 0.97823685 
621 100 20 25 0.9781958 
183 129 21 26 0.9773851 
247 100 19 25 0.97047216 
118 112 20 25 0.9649697 
661 89 17 24 0.9546613 
502 94 19 23 0.9266857 
792 112 15 20 0.07975949 
525 108 16 16 0.06425226 
485 106 15 20 0.03808271 
19 133 23 27 0.037780028 
